0.000000000000000000e+00
3.861200773506060814e-03
7.756615040570376610e-03
1.168654333484637001e-02
1.565128878290345665e-02
1.965115712590519148e-02
2.368645674106640425e-02
2.775749866371026234e-02
3.186459660923066095e-02
3.600806699524401050e-02
4.018822896400948974e-02
4.440540440492823926e-02
4.865991797716882200e-02
5.295209713270326163e-02
5.728227213916931709e-02
6.165077610320654489e-02
6.605794499372905082e-02
7.050411766559311344e-02
7.498963588323313834e-02
7.951484434466080109e-02
8.408009070544833485e-02
8.868572560310665487e-02
9.333210268136865606e-02
9.801957861505668224e-02
1.027485131346027591e-01
1.075192690512318805e-01
1.123322122820662183e-01
1.171877118754350022e-01
1.220861400364995908e-01
1.270278721528948773e-01
1.320132868206860821e-01
1.370427658704205243e-01
1.421166943934003835e-01
1.472354607682868355e-01
1.523994566875624124e-01
1.576090771845614913e-01
1.628647206603588693e-01
1.681667889111159997e-01
1.735156871555222913e-01
1.789118240622991907e-01
1.843556117781624537e-01
1.898474659557367328e-01
1.953878057818337899e-01
2.009770540057932986e-01
2.066156369682029259e-01
2.123039846296025934e-01
2.180425305995361274e-01
2.238317121657446285e-01
2.296719703236447252e-01
2.355637498058693602e-01
2.415074991121246295e-01
2.475036705391255865e-01
2.535527202110530176e-01
2.596551081097102087e-01
2.658112981053428192e-01
2.720217579874749103e-01
2.782869594958703452e-01
2.846073783518587308e-01
2.909834942898810728e-01
2.974157910890361523e-01
3.039047566050688820e-01
3.104508828024533096e-01
3.170546657867126528e-01
3.237166058369757016e-01
3.304372074386915381e-01
3.372169793165811780e-01
3.440564344678570530e-01
3.509560901955852685e-01
3.579164681422841721e-01
3.649380943237600095e-01
3.720214991631479728e-01
3.791672175251579735e-01
3.863757887505420707e-01
3.936477566908299641e-01
4.009836697431909402e-01
4.083840808855481730e-01
4.158495477119936168e-01
4.233806324682967692e-01
4.309779020877617106e-01
4.386419282271306064e-01
4.463732873029302439e-01
4.541725605278015832e-01
4.620403339473047044e-01
4.699771984767374677e-01
4.779837499381927590e-01
4.860605890980409516e-01
4.942083217043657384e-01
5.024275585247780507e-01
5.107189153844677865e-01
5.190830132043653400e-01
5.275204780396191007e-01
5.360319411183099847e-01
5.446180388801815653e-01
5.532794130159701673e-01
5.620167105066400381e-01
5.708305836628722041e-01
5.797216901649933085e-01
5.886906931028595968e-01
5.977382610161180443e-01
6.068650679346890842e-01
6.160717934193438161e-01
6.253591226026927741e-01
6.347277462302521878e-01
6.441783607017005364e-01
6.537116681125140216e-01
6.633283762957277174e-01
6.730291988638243961e-01
6.828148552510795444e-01
6.926860707558127883e-01
7.026435765831600122e-01
7.126881098878136145e-01
7.228204138171744342e-01
7.330412375545488635e-01
7.433513363626800263e-01
7.537514716274505977e-01
7.642424109018083334e-01
7.748249279497688713e-01
7.854998027909567693e-01
7.962678217449090656e-01
8.071297774759945698e-01
8.180864690382858573e-01
8.291387019207473452e-01
8.402872880925020826e-01
8.515330460484925590e-01
8.628768008552225588e-01
8.743193841966220292e-01
8.858616344202627779e-01
8.975043965837299353e-01
9.092485225011039951e-01
9.210948707896648990e-01
9.330443069168800063e-01
9.450977032474701112e-01
9.572559390906976162e-01
9.695199007477806052e-01
9.818904815597175872e-01
9.943685819548430116e-01
1.006955109497125855e+00
1.019650978934073526e+00
1.032457112245314113e+00
1.045374438690941155e+00
1.058403894860286965e+00
1.071546424720771995e+00
1.084802979666804834e+00
1.098174518569120517e+00
1.111662007823885467e+00
1.125266421402321582e+00
1.138988740900251262e+00
1.152829955587928001e+00
1.166791062459803019e+00
1.180873066284669148e+00
1.195076979655761651e+00
1.209403823041138359e+00
1.223854624834000093e+00
1.238430421403309278e+00
1.253132257144472961e+00
1.267961184530040031e+00
1.282918264160605615e+00
1.298004564815887329e+00
1.313221163505708056e+00
1.328569145521246941e+00
1.344049604486336591e+00
1.359663642408731166e+00
1.375412369731702888e+00
1.391296905385451810e+00
1.407318376838686991e+00
1.423477920150415743e+00
1.439776680021525035e+00
1.456215809846599596e+00
1.472796471765853710e+00
1.489519836716791001e+00
1.506387084486324301e+00
1.523399403762531135e+00
1.540557992186725844e+00
1.557864056405404929e+00
1.575318812122240120e+00
1.592923484150039481e+00
1.610679306462771132e+00
1.628587522247541886e+00
1.646649383956541257e+00
1.664866153359035428e+00
1.683239101593201115e+00
1.701769509218007848e+00
1.720458666265149983e+00
1.739307872290656976e+00
1.758318436426668185e+00
1.777491677433092443e+00
1.796828923749112628e+00
1.816331513544703125e+00
1.836000794771898370e+00
1.855838125216168866e+00
1.875844872547483000e+00
1.896022414371319131e+00
1.916372138279588411e+00
1.936895441901360648e+00
1.957593732953406551e+00
1.978468429290643815e+00
1.999520958956391814e+00
2.020752760232344070e+00
2.042165281688461231e+00
2.063759982232736601e+00
2.085538331160349923e+00
2.107501808203114280e+00
2.129651903578282823e+00
2.151990118037334199e+00
2.174517962914288560e+00
2.197236960173908571e+00
2.220148642459605970e+00
2.243254553140916929e+00
2.266556246360741156e+00
2.290055287082271018e+00
2.313753251135531208e+00
2.337651725263549807e+00
2.361752307168209164e+00
2.386056605555730403e+00
2.410566240181517994e+00
2.435282841895059391e+00
2.460208052683837465e+00
2.485343525717253144e+00
2.510690925389857053e+00
2.536251927364054914e+00
2.562028218612553587e+00
2.588021497460054832e+00
2.614233473624592019e+00
2.640665868258157190e+00
2.667320413987022132e+00
2.694198854951086908e+00
2.721302946843147552e+00
2.748634456947053550e+00
2.776195164175527808e+00
2.803986859107266305e+00
2.832011344023365407e+00
2.860270432942972896e+00
2.888765951658495368e+00
2.917499737769658097e+00
2.946473640717210518e+00
2.975689521815739091e+00
3.005149254285448102e+00
3.034854723283613165e+00
3.064807825934735330e+00
3.095010471360130300e+00
3.125464580706525108e+00
3.156172087173731544e+00
3.187134936041585043e+00
3.218355084695727175e+00
3.249834502652488410e+00
3.281575171582824080e+00
3.313579085335241370e+00
3.345848249957680931e+00
3.378384683718201220e+00
3.411190417124824847e+00
3.444267492944122377e+00
3.477617966218595758e+00
3.511243904283129602e+00
3.545147386779977428e+00
3.579330505672794427e+00
3.613795365259191872e+00
3.648544082182199499e+00
3.683578785440369430e+00
3.718901616396510956e+00
3.754514728785184108e+00
3.790420288718673092e+00
3.826620474691753149e+00
3.863117477584720127e+00
3.899913500665225463e+00
3.937010759588572384e+00
3.974411482396234874e+00
4.012117909513297498e+00
4.050132293743673451e+00
4.088456900264339389e+00
4.127094006617523014e+00
4.166045902701227099e+00
4.205314890758272028e+00
4.244903285363332834e+00
4.284813413408338434e+00
4.325047614086031444e+00
4.365608238871715230e+00
4.406497651502906621e+00
4.447718227957447645e+00
4.489272356429305333e+00
4.531162437302611146e+00
4.573390883123606976e+00
4.615960118570486159e+00
4.658872580421233422e+00
4.702130717519281689e+00
4.745736990736996397e+00
4.789693872937017538e+00
4.834003848931248903e+00
4.878669415437713930e+00
4.923693081035011687e+00
4.969077366114330374e+00
5.014824802829333628e+00
5.060937935043367197e+00
5.107419318274252440e+00
5.154271519636664856e+00
5.201497117781894275e+00
5.249098702835008901e+00
5.297078876329312180e+00
5.345440251138482424e+00
5.394185451405465237e+00
5.443317112469092223e+00
5.492837880787608817e+00
5.542750413859569569e+00
5.593057380141620349e+00
5.643761458963687083e+00
5.694865340440918189e+00
5.746371725382771523e+00
5.798283325199022897e+00
5.850602861802714827e+00
5.903333067509908716e+00
5.956476684936396815e+00
6.010036466891029328e+00
6.064015176265906248e+00
6.118415585923281164e+00
6.173240478579003820e+00
6.228492646682700418e+00
6.284174892294450032e+00
6.340290026957993597e+00
6.396840871570463882e+00
6.453830256248507702e+00
6.511261020190771021e+00
6.569136011536899744e+00
6.627458087222608540e+00
6.686230112831151651e+00
6.745454962441040259e+00
6.805135518469807465e+00
6.865274671513963867e+00
6.925875320185180151e+00
6.986940370942155809e+00
7.048472737918879183e+00
7.110475342748586058e+00
7.172951114383743665e+00
7.235902988911758982e+00
7.299333909366791495e+00
7.363246825536981177e+00
7.427644693767667228e+00
7.492530476760306257e+00
7.557907143366793257e+00
7.623777668379740469e+00
7.690145032317996510e+00
7.757012221207943092e+00
7.824382226360090620e+00
7.892258044141225781e+00
7.960642675741953944e+00
8.029539126939523541e+00
8.098950407856067457e+00
8.168879532712077562e+00
8.239329519575115057e+00
8.310303390103728205e+00
8.381804169286604989e+00
8.453834885176734204e+00
8.526398568620768614e+00
8.599498252983412527e+00
8.673136973866700572e+00
8.747317768824574458e+00
8.822043677072022305e+00
8.897317739189498198e+00
8.973142996821922068e+00
9.049522492372759075e+00
9.126459268692808990e+00
9.203956368763790863e+00
9.282016835376742492e+00
9.360643710805076623e+00
9.439840036472514129e+00
9.519608852615380812e+00
9.599953197939909089e+00
9.680876109273951258e+00
9.762380621213365472e+00
9.844469765763001590e+00
9.927146571972187417e+00
1.001041406556484326e+01
1.009427526856402757e+01
1.017873319891112338e+01
1.026379087007937585e+01
1.034945129068189651e+01
1.043571746407431355e+01
1.052259238795171115e+01
1.061007905394006734e+01
1.069818044718194727e+01
1.078689954591707156e+01
1.087623932105674740e+01
1.096620273575309135e+01
1.105679274496250919e+01
1.114801229500362645e+01
1.123986432310963757e+01
1.133235175697502406e+01
1.142547751429665048e+01
1.151924450230951003e+01
1.161365561731653884e+01
1.170871374421319366e+01
1.180442175600633448e+01
1.190078251332752757e+01
1.199779886394095918e+01
1.209547364224574650e+01
1.219380966877286276e+01
1.229280974967642770e+01
1.239247667621985372e+01
1.249281322425623308e+01
1.259382215370368563e+01
1.269550620801514462e+01
1.279786811364285271e+01
1.290091057949775077e+01
1.300463629640336372e+01
1.310904793654473544e+01
1.321414815291209699e+01
1.331993957873942946e+01
1.342642482693797490e+01
1.353360648952484979e+01
1.364148713704648763e+01
1.375006931799748244e+01
1.385935555823430221e+01
1.396934836038454719e+01
1.408005020325120071e+01
1.419146354121240172e+01
1.430359080361678892e+01
1.441643439417403449e+01
1.452999669034129049e+01
1.464428004270512140e+01
1.475928677435920910e+01
1.487501918027799341e+01
1.499147952668623063e+01
1.510867005042439182e+01
1.522659295831054216e+01
1.534525042649802806e+01
1.546464459982987449e+01
1.558477759118935246e+01
1.570565148084717499e+01
1.582726831580544058e+01
1.594963010913813228e+01
1.607273883932876402e+01
1.619659644960482936e+01
1.632120484726954501e+01
1.644656590303074495e+01
1.657268145032722018e+01
1.669955328465272970e+01
1.682718316287738247e+01
1.695557280256721455e+01
1.708472388130143216e+01
1.721463803598799913e+01
1.734531686217730240e+01
1.747676191337443541e+01
1.760897470034992907e+01
1.774195669044934576e+01
1.787570930690173299e+01
1.801023392812717105e+01
1.814553188704368836e+01
1.828160447037350878e+01
1.841845291794895090e+01
1.855607842201819224e+01
1.869448212655107966e+01
1.883366512654498592e+01
1.897362846733116726e+01
1.911437314388173192e+01
1.925590010011729447e+01
1.939821022821569940e+01
1.954130436792204861e+01
1.968518330585982667e+01
1.982984777484408667e+01
1.997529845319608910e+01
2.012153596406033174e+01
2.026856087472355838e+01
2.041637369593663820e+01
2.056497488123884665e+01
2.071436482628537945e+01
2.086454386817798579e+01
2.101551228479904765e+01
2.116727029414933980e+01
2.131981805368983274e+01
2.147315565968753859e+01
2.162728314656587614e+01
2.178220048625973959e+01
2.193790758757535997e+01
2.209440429555562346e+01
2.225169039085051637e+01
2.240976558909350658e+01
2.256862954028382262e+01
2.272828182817500675e+01
2.288872196966980610e+01
2.304994941422211596e+01
2.321196354324563060e+01
2.337476366953006846e+01
2.353834903666474787e+01
2.370271881847024176e+01
2.386787211843787304e+01
2.403380796917792495e+01
2.420052533187613264e+01
2.436802309575956471e+01
2.453630007757131892e+01
2.470535502105493464e+01
2.487518659644854679e+01
2.504579339998912602e+01
2.521717395342687595e+01
2.538932670355047350e+01
2.556225002172302041e+01
2.573594220342925709e+01
2.591040146783410592e+01
2.608562595735309841e+01
2.626161373723462233e+01
2.643836279515449661e+01
2.661587104082309807e+01
2.679413630560530990e+01
2.697315634215350499e+01
2.715292882405382358e+01
2.733345134548622113e+01
2.751472142089831863e+01
2.769673648469328597e+01
2.787949389093226671e+01
2.806299091305147897e+01
2.824722474359405666e+01
2.843219249395724901e+01
2.861789119415493232e+01
2.880431779259583891e+01
2.899146915587763118e+01
2.917934206859719737e+01
2.936793323317722226e+01
2.955723926970954452e+01
2.974725671581516906e+01
2.993798202652147467e+01
3.012941157415665572e+01
3.032154164826169662e+01
3.051436845551996413e+01
3.070788811970489007e+01
3.090209668164561307e+01
3.109699009921098423e+01
3.129256424731213926e+01
3.148881491792360876e+01
3.168573782012348872e+01
3.188332858015240490e+01
3.208158274149198519e+01
3.228049576496233897e+01
3.248006302883940322e+01
3.268027982899165806e+01
3.288114137903681922e+01
3.308264281051842204e+01
3.328477917310239320e+01
3.348754543479397228e+01
3.369093648217467063e+01
3.389494712065991422e+01
3.409957207477689423e+01
3.430480598846324369e+01
3.451064342538613516e+01
3.471707886928233933e+01
3.492410672431886809e+01
3.513172131547464971e+01
3.533991688894291627e+01
3.554868761255471554e+01
3.575802757622318495e+01
3.596793079240899260e+01
3.617839119660669667e+01
3.638940264785201606e+01
3.660095892925028238e+01
3.681305374852571077e+01
3.702568073859167441e+01
3.723883345814192580e+01
3.745250539226267250e+01
3.766668995306544332e+01
3.788138048034080185e+01
3.809657024223265864e+01
3.831225243593318908e+01
3.852842018839839966e+01
3.874506655708394476e+01
3.896218453070133592e+01
3.917976702999435190e+01
3.939780690853545053e+01
3.961629695354211123e+01
3.983522988671298748e+01
4.005459836508361349e+01
4.027439498190159384e+01
4.049461226752102050e+01
4.071524269031596077e+01
4.093627865761288831e+01
4.115771251664165931e+01
4.137953655550511201e+01
4.160174300416667137e+01
4.182432403545617206e+01
4.204727176609326733e+01
4.227057825772840971e+01
4.249423551800099830e+01
4.271823550161455074e+01
4.294257011142851610e+01
4.316723119956643728e+01
4.339221056854029257e+01
4.361749997239050458e+01
4.384309111784148882e+01
4.406897566547233680e+01
4.429514523090224998e+01
4.452159138599050436e+01
4.474830566005050514e+01
4.497527954107757608e+01
4.520250447699019247e+01
4.542997187688422400e+01
4.565767311229981829e+01
4.588559951850056251e+01
4.611374239576450407e+01
4.634209301068661091e+01
4.657064259749239454e+01
4.679938235936214141e+01
4.702830346976526954e+01
4.725739707380473931e+01
4.748665428957065160e+01
4.771606620950284139e+01
4.794562390176208311e+01
4.817531841160926120e+01
4.840514076279220035e+01
4.863508195893967212e+01
4.886513298496208080e+01
4.909528480845854403e+01
4.932552838112945892e+01
4.955585464019478792e+01
4.978625450981683542e+01
5.001671890252762154e+01
5.024723872066012831e+01
5.047780485778282866e+01
5.070840820013735595e+01
5.093903962807855379e+01
5.116969001751638757e+01
5.140035024135958253e+01
5.163101117096005055e+01
5.186166367755804174e+01
5.209229863372708280e+01
5.232290691481876621e+01
5.255347940040635280e+01
5.278400697572709532e+01
5.301448053312257969e+01
5.324489097347677813e+01
5.347522920765108978e+01
5.370548615791619085e+01
5.393565275937993420e+01
5.416571996141098566e+01
5.439567872905770685e+01
5.462552004446173015e+01
5.485523490826591342e+01
5.508481434101598495e+01
5.531424938455566576e+01
5.554353110341460820e+01
5.577265058618884552e+01
5.600159894691311990e+01
5.623036732642501079e+01
5.645894689371980490e+01
5.668732884729644894e+01
5.691550441649343384e+01
5.714346486281466042e+01
5.737120148124471797e+01
5.759870560155303565e+01
5.782596858958680741e+01
5.805298184855194421e+01
5.827973682028186886e+01
5.850622498649381242e+01
5.873243787003198690e+01
5.895836703609755602e+01
5.918400409346479307e+01
5.940934069568324105e+01
5.963436854226548434e+01
5.985907937986004868e+01
6.008346500340934426e+01
6.030751725729211898e+01
6.053122803645022287e+01
6.075458928749928589e+01
6.097759300982308162e+01
6.120023125665132824e+01
6.142249613612042225e+01
6.164437981231708363e+01
6.186587450630466378e+01
6.208697249713144117e+01
6.230766612282126715e+01
6.252794778134587261e+01
6.274780993157875741e+01
6.296724509423050620e+01
6.318624585276521088e+01
6.340480485429785773e+01
6.362291481047248709e+01
6.384056849832096248e+01
6.405775876110206468e+01
6.427447850912105309e+01
6.449072072052902627e+01
6.470647844210250810e+01
6.492174479000279064e+01
6.513651295051488432e+01
6.535077618076621775e+01
6.556452780942480274e+01
6.577776123737666580e+01
6.599046993838281594e+01
6.620264745971530829e+01
6.641428742277253150e+01
6.662538352367370464e+01
6.683592953383229940e+01
6.704591930050865756e+01
6.725534674734163332e+01
6.746420587485903297e+01
6.767249076096749150e+01
6.788019556142076283e+01
6.808731451026757497e+01
6.829384192027821143e+01
6.849977218335018847e+01
6.870509977089311349e+01
6.890981923419263921e+01
6.911392520475358481e+01
6.931741239462242277e+01
6.952027559668893275e+01
6.972250968496747703e+01
6.992410961485752807e+01
7.012507042338403096e+01
7.032538722941724529e+01
7.052505523387256403e+01
7.072406971989018132e+01
7.092242605299473723e+01
7.112011968123528050e+01
7.131714613530542124e+01
7.151350102864405756e+01
7.170918005751661894e+01
7.190417900107716775e+01
7.209849372141133017e+01
7.229212016356039783e+01
7.248505435552685583e+01
7.267729240826105297e+01
7.286883051562985258e+01
7.305966495436699404e+01
7.324979208400540642e+01
7.343920834679204290e+01
7.362791026758488044e+01
7.381589445373289493e+01
7.400315759493861378e+01
7.418969646310409871e+01
7.437550791216008861e+01
7.456058887787874312e+01
7.474493637767028531e+01
7.492854751036362870e+01
7.511141945597131553e+01
7.529354947543902199e+01
7.547493491037981528e+01
7.565557318279354604e+01
7.583546179477134785e+01
7.601459832818598272e+01
7.619298044436776252e+01
7.637060588376660064e+01
7.654747246560052076e+01
7.672357808749067942e+01
7.689892072508325782e+01
7.707349843165863490e+01
7.724730933772768537e+01
7.742035165061624014e+01
7.759262365403698425e+01
7.776412370765009996e+01
7.793485024661201521e+01
7.810480178111318139e+01
7.827397689590488028e+01
7.844237424981540130e+01
7.860999257525568851e+01
7.877683067771519632e+01
7.894288743524754182e+01
7.910816179794700531e+01
7.927265278741548116e+01
7.943635949622056103e+01
7.959928108734493435e+01
7.976141679362727643e+01
7.992276591719502221e+01
8.008332782888923873e+01
8.024310196768190906e+01
8.040208784008578391e+01
8.056028501955736942e+01
8.071769314589276689e+01
8.087431192461735918e+01
8.103014112636891753e+01
8.118518058627486766e+01
8.133943020332378637e+01
8.149288993973129891e+01
8.164555982030093162e+01
8.179743993177980599e+01
8.194853042220971417e+01
8.209883150027373233e+01
8.224834343463858488e+01
8.239706655329290186e+01
8.254500124288207985e+01
8.269214794803923496e+01
8.283850717071329939e+01
8.298407946949372160e+01
8.312886545893270807e+01
8.327286580886472223e+01
8.341608124372370980e+01
8.355851254185822086e+01
8.370016053484464180e+01
8.384102610679876477e+01
8.398111019368593588e+01
8.412041378262988189e+01
8.425893791122064158e+01
8.439668366682154499e+01
8.453365218587570951e+01
8.466984465321185382e+01
8.480526230135029664e+01
8.493990640980851481e+01
8.507377830440705679e+01
8.520687935657585399e+01
8.533921098266088734e+01
8.547077464323162133e+01
8.560157184238941852e+01
8.573160412707684941e+01
8.586087308638825277e+01
8.598938035088178822e+01
8.611712759189290978e+01
8.624411652084948798e+01
8.637034888858904935e+01
8.649582648467776380e+01
8.662055113673157791e+01
8.674452470973996299e+01
8.686774910539163841e+01
8.699022626140327930e+01
8.711195815085068261e+01
8.723294678150281811e+01
8.735319419515903405e+01
8.747270246698900564e+01
8.759147370487625039e+01
8.770951004876465618e+01
8.782681367000874673e+01
8.794338677072718724e+01
8.805923158316032584e+01
8.817435036903098933e+01
8.828874541890969851e+01
8.840241905158340785e+01
8.851537361342850829e+01
8.862761147778789450e+01
8.873913504435235211e+01
8.884994673854613723e+01
8.896004901091700390e+01
8.906944433653069382e+01
8.917813521437007296e+01
8.928612416673877306e+01
8.939341373866945162e+01
8.950000649733705416e+01
8.960590503147670915e+01
8.971111195080645473e+01
8.981562988545515225e+01
8.991946148539513217e+01
9.002260941988002685e+01
9.012507637688767659e+01
9.022686506256812322e+01
9.032797820069687589e+01
9.042841853213336378e+01
9.052818881428460429e+01
9.062729182057431387e+01
9.072573033991720592e+01
9.082350717619877400e+01
9.092062514776041837e+01
9.101708708688995841e+01
9.111289583931777258e+01
9.120805426371816793e+01
9.130256523121647660e+01
9.139643162490153827e+01
9.148965633934372477e+01
9.158224228011849277e+01
9.167419236333566346e+01
9.176550951517398858e+01
9.185619667142155720e+01
9.194625677702160260e+01
9.203569278562400768e+01
9.212450765914229578e+01
9.221270436731643372e+01
9.230028588728085026e+01
9.238725520313849415e+01
9.247361530554000808e+01
9.255936919126892803e+01
9.264451986283211227e+01
9.272907032805592564e+01
9.281302359968789517e+01
9.289638269500389356e+01
9.297915063542090763e+01
9.306133044611532057e+01
9.314292515564662267e+01
9.322393779558660754e+01
9.330437140015413888e+01
9.338422900585516118e+01
9.346351365112842302e+01
9.354222837599620277e+01
9.362037622172077533e+01
9.369796023046603750e+01
9.377498344496450500e+01
9.385144890818956753e+01
9.392735966303307293e+01
9.400271875198809823e+01
9.407752921683700720e+01
9.415179409834460955e+01
9.422551643595650717e+01
9.429869926750257036e+01
9.437134562890544487e+01
9.444345855389425992e+01
9.451504107372308283e+01
9.458609621689471680e+01
9.465662700888913150e+01
9.472663647189698111e+01
9.479612762455788300e+01
9.486510348170372708e+01
9.493356705410653262e+01
9.500152134823132144e+01
9.506896936599346759e+01
9.513591410452093555e+01
9.520235855592102325e+01
9.526830570705187995e+01
9.533375853929835841e+01
9.539872002835249987e+01
9.546319314399866585e+01
9.552718084990277703e+01
9.559068610340622740e+01
9.565371185532406173e+01
9.571626104974733096e+01
9.577833662385000935e+01
9.583994150769990483e+01
9.590107862407384687e+01
9.596175088827691013e+01
9.602196120796591572e+01
9.608171248297688294e+01
9.614100760515647437e+01
9.619984945819741995e+01
9.625824091747784905e+01
9.631618484990465845e+01
9.637368411376043298e+01
9.643074155855438789e+01
9.648736002487699182e+01
9.654354234425818504e+01
9.659929133902946319e+01
9.665460982218939989e+01
9.670950059727280745e+01
9.676396645822340759e+01
9.681801018927002644e+01
9.687163456480614343e+01
9.692484234927295006e+01
9.697763629704563471e+01
9.703001915232303531e+01
9.708199364902063166e+01
9.713356251066659297e+01
9.718472845030112239e+01
9.723549417037891374e+01
9.728586236267470611e+01
9.733583570819180864e+01
9.738541687707376582e+01
9.743460852851890763e+01
9.748341331069774185e+01
9.753183386067345850e+01
9.757987280432499233e+01
9.762753275627314054e+01
9.767481631980918166e+01
9.772172608682652140e+01
9.776826463775462628e+01
9.781443454149597017e+01
9.786023835536532545e+01
9.790567862503171170e+01
9.795075788446283127e+01
9.799547865587193485e+01
9.803984344966730191e+01
9.808385476440383854e+01
9.812751508673723322e+01
9.817082689138048579e+01
9.821379264106246865e+01
9.825641478648896054e+01
9.829869576630576944e+01
9.834063800706415748e+01
9.838224392318821288e+01
9.842351591694443869e+01
9.846445637841341636e+01
9.850506768546343039e+01
9.854535220372612514e+01
9.858531228657410850e+01
9.862495027510051671e+01
9.866426849810032707e+01
9.870326927205373124e+01
9.874195490111114282e+01
9.878032767708013751e+01
9.881838987941401342e+01
9.885614377520219875e+01
9.889359161916219421e+01
9.893073565363337707e+01
9.896757810857222637e+01
9.900412120154931017e+01
9.904036713774767975e+01
9.907631810996288380e+01
9.911197629860456004e+01
9.914734387169930585e+01
9.918242298489514042e+01
9.921721578146737386e+01
9.925172439232575528e+01
9.928595093602309873e+01
9.931989751876515982e+01
9.935356623442184798e+01
9.938695916453967527e+01
9.942007837835551243e+01
9.945292593281151028e+01
9.948550387257118643e+01
9.951781423003679095e+01
9.954985902536770936e+01
9.958164026649996003e+01
9.961315994916695615e+01
9.964442005692103521e+01
9.967542256115636690e+01
9.970616942113262837e+01
9.973666258399977380e+01
9.976690398482367073e+01
9.979689554661294437e+01
9.982663918034643302e+01
9.985613678500165236e+01
9.988539024758425455e+01
9.991440144315818372e+01
9.994317223487676927e+01
9.997170447401455817e+01
1.000000000000000000e+02
